월(Monthly)	시도명	시군구	승용	승용	승용	승용	승합	승합	승합	승합	화물	화물	화물	화물	특수	특수	특수	특수	총계	총계	총계	총계
월(Monthly)	시도명	시군구	관용	자가용	영업용	계	관용	자가용	영업용	계	관용	자가용	영업용	계	관용	자가용	영업용	계	관용	자가용	영업용	계
2026-02	서울	강남구	156	218,506	11,686	230,348	59	3,725	537	4,321	191	13,425	2,278	15,894	17	386	143	546	423	236,042	14,644	251,109
2026-02	서울	강동구	109	145,489	4,955	150,553	41	3,040	607	3,688	148	11,813	2,583	14,544	8	269	202	479	306	160,611	8,347	169,264
2026-02	서울	강북구	113	59,374	2,133	61,620	66	1,886	716	2,668	126	6,485	1,237	7,848	17	143	111	271	322	67,888	4,197	72,407
2026-02	서울	강서구	137	166,230	11,063	177,430	46	3,828	1,376	5,250	157	15,544	4,353	20,054	18	489	259	766	358	186,091	17,051	203,500
2026-02	서울	관악구	88	98,102	3,063	101,253	44	2,608	356	3,008	142	8,519	2,222	10,883	12	200	164	376	286	109,429	5,805	115,520
2026-02	서울	광진구	85	79,792	3,014	82,891	43	1,826	336	2,205	161	8,276	1,506	9,943	10	138	90	238	299	90,032	4,946	95,277
2026-02	서울	구로구	111	113,498	5,520	119,129	59	3,403	547	4,009	126	13,255	2,669	16,050	6	306	164	476	302	130,462	8,900	139,664
2026-02	서울	금천구	58	71,314	2,850	74,222	33	2,236	434	2,703	78	10,237	2,198	12,513	13	197	91	301	182	83,984	5,573	89,739
2026-02	서울	노원구	81	127,885	5,565	133,531	52	2,847	715	3,614	167	9,310	2,099	11,576	12	279	244	535	312	140,321	8,623	149,256
2026-02	서울	도봉구	90	75,656	4,475	80,221	49	2,022	562	2,633	124	7,763	2,056	9,943	12	200	153	365	275	85,641	7,246	93,162
2026-02	서울	동대문구	110	89,109	2,748	91,967	60	2,263	127	2,450	135	9,434	2,227	11,796	15	217	97	329	320	101,023	5,199	106,542
2026-02	서울	동작구	118	93,601	1,284	95,003	44	1,965	128	2,137	136	6,114	1,106	7,356	17	154	173	344	315	101,834	2,691	104,840
2026-02	서울	마포구	95	100,854	3,932	104,881	54	2,234	598	2,886	176	8,887	2,639	11,702	23	272	488	783	348	112,247	7,657	120,252
2026-02	서울	서대문구	218	77,277	3,459	80,954	99	1,773	401	2,273	135	5,509	1,756	7,400	6	156	109	271	458	84,715	5,725	90,898
2026-02	서울	서초구	171	156,739	3,144	160,054	133	2,706	632	3,471	183	10,221	4,085	14,489	16	277	234	527	503	169,943	8,095	178,541
2026-02	서울	성동구	133	83,495	8,169	91,797	50	1,638	930	2,618	177	8,010	1,933	10,120	17	213	151	381	377	93,356	11,183	104,916
2026-02	서울	성북구	93	106,202	2,010	108,305	46	2,471	1,071	3,588	144	8,153	1,648	9,945	10	217	100	327	293	117,043	4,829	122,165
2026-02	서울	송파구	132	207,055	7,605	214,792	107	3,640	1,557	5,304	157	16,462	4,926	21,545	21	425	353	799	417	227,582	14,441	242,440
2026-02	서울	양천구	127	126,214	4,892	131,233	65	2,733	739	3,537	145	10,466	2,760	13,371	7	270	421	698	344	139,683	8,812	148,839
2026-02	서울	영등포구	128	117,426	2,779	120,333	62	3,240	199	3,501	172	12,455	4,373	17,000	17	467	645	1,129	379	133,588	7,996	141,963
2026-02	서울	용산구	145	62,839	1,086	64,070	56	1,579	73	1,708	126	4,720	1,055	5,901	10	145	34	189	337	69,283	2,248	71,868
2026-02	서울	은평구	100	113,095	4,169	117,364	45	2,607	751	3,403	139	9,417	2,022	11,578	16	208	181	405	300	125,327	7,123	132,750
2026-02	서울	종로구	1,872	38,766	239	40,877	1,517	1,276	252	3,045	346	3,508	1,741	5,595	104	102	109	315	3,839	43,652	2,341	49,832
2026-02	서울	중구	285	38,618	1,247	40,150	841	1,623	293	2,757	175	4,423	1,099	5,697	27	197	86	310	1,328	44,861	2,725	48,914
2026-02	서울	중랑구	79	91,177	5,954	97,210	32	2,637	581	3,250	122	11,060	2,719	13,901	13	246	319	578	246	105,120	9,573	114,939
2026-02	서울	계	4,834	2,658,313	107,041	2,770,188	3,703	61,806	14,518	80,027	3,888	233,466	59,290	296,644	444	6,173	5,121	11,738	12,869	2,959,758	185,970	3,158,597
2026-02	부산	강서구	125	73,837	1,762	75,724	82	1,542	411	2,035	128	16,242	2,871	19,241	9	450	667	1,126	344	92,071	5,711	98,126
2026-02	부산	금정구	99	64,668	2,409	67,176	60	1,842	950	2,852	101	9,139	2,932	12,172	13	201	601	815	273	75,850	6,892	83,015
2026-02	부산	기장군	80	76,621	871	77,572	46	1,876	545	2,467	124	10,670	1,379	12,173	13	276	275	564	263	89,443	3,070	92,776
2026-02	부산	남구	98	82,490	2,842	85,430	53	1,896	487	2,436	57	8,419	4,363	12,839	4	344	1,455	1,803	212	93,149	9,147	102,508
2026-02	부산	동구	84	44,260	1,022	45,366	46	774	175	995	64	3,465	2,260	5,789	5	90	1,032	1,127	199	48,589	4,489	53,277
2026-02	부산	동래구	73	88,331	1,682	90,086	27	1,736	351	2,114	65	9,612	1,631	11,308	2	228	270	500	167	99,907	3,934	104,008
2026-02	부산	부산진구	128	125,580	32,339	158,047	63	2,479	544	3,086	170	12,864	2,496	15,530	10	217	568	795	371	141,140	35,947	177,458
2026-02	부산	북구	105	86,406	1,463	87,974	51	1,932	316	2,299	105	11,422	1,594	13,121	11	200	252	463	272	99,960	3,625	103,857
2026-02	부산	사상구	99	65,788	2,290	68,177	52	1,916	205	2,173	99	13,851	2,325	16,275	8	242	317	567	258	81,797	5,137	87,192
2026-02	부산	사하구	111	91,824	3,462	95,397	50	2,449	264	2,763	103	12,499	1,987	14,589	9	228	264	501	273	107,000	5,977	113,250
2026-02	부산	서구	64	26,384	362	26,810	31	782	18	831	40	3,573	871	4,484	0	74	84	158	135	30,813	1,335	32,283
2026-02	부산	수영구	86	57,656	63,086	120,828	37	1,321	666	2,024	81	5,190	1,186	6,457	12	148	336	496	216	64,315	65,274	129,805
2026-02	부산	연제구	362	117,551	26,275	144,188	490	1,640	772	2,902	181	8,842	2,349	11,372	29	211	720	960	1,062	128,244	30,116	159,422
2026-02	부산	영도구	86	26,100	1,227	27,413	51	871	315	1,237	83	3,913	383	4,379	9	50	55	114	229	30,934	1,980	33,143
2026-02	부산	중구	153	36,393	123	36,669	60	443	4	507	77	1,752	5,384	7,213	17	103	1,702	1,822	307	38,691	7,213	46,211
2026-02	부산	해운대구	137	142,998	2,037	145,172	56	2,633	235	2,924	124	12,213	2,238	14,575	9	345	489	843	326	158,189	4,999	163,514
2026-02	부산	계	1,890	1,206,887	143,252	1,352,029	1,255	26,132	6,258	33,645	1,602	143,666	36,249	181,517	160	3,407	9,087	12,654	4,907	1,380,092	194,846	1,579,845
2026-02	대구	군위군	48	10,264	68	10,380	35	356	21	412	55	5,297	146	5,498	3	69	19	91	141	15,986	254	16,381
2026-02	대구	남구	110	48,759	907	49,776	213	1,179	113	1,505	78	6,085	507	6,670	3	135	57	195	404	56,158	1,584	58,146
2026-02	대구	달서구	188	238,742	21,674	260,604	112	4,260	726	5,098	180	28,561	5,444	34,185	16	656	608	1,280	496	272,219	28,452	301,167
2026-02	대구	달성군	123	117,466	1,475	119,064	117	2,631	495	3,243	292	19,271	2,871	22,434	66	431	288	785	598	139,799	5,129	145,526
2026-02	대구	동구	114	142,766	4,272	147,152	87	3,029	723	3,839	157	19,107	3,937	23,201	10	497	530	1,037	368	165,399	9,462	175,229
2026-02	대구	북구	166	170,261	2,528	172,955	121	3,388	649	4,158	227	27,562	4,482	32,271	29	600	436	1,065	543	201,811	8,095	210,449
2026-02	대구	서구	93	61,349	3,101	64,543	41	1,563	197	1,801	122	10,706	1,532	12,360	9	179	111	299	265	73,797	4,941	79,003
2026-02	대구	수성구	195	194,817	2,796	197,808	187	2,799	599	3,585	212	15,175	1,406	16,793	14	504	171	689	608	213,295	4,972	218,875
2026-02	대구	중구	89	50,788	1,159	52,036	68	989	314	1,371	146	4,217	483	4,846	17	108	29	154	320	56,102	1,985	58,407
2026-02	대구	계	1,126	1,035,212	37,980	1,074,318	981	20,194	3,837	25,012	1,469	135,981	20,808	158,258	167	3,179	2,249	5,595	3,743	1,194,566	64,874	1,263,183
2026-02	인천	강화군	149	28,207	2,367	30,723	55	1,041	271	1,367	159	10,809	769	11,737	11	268	89	368	374	40,325	3,496	44,195
2026-02	인천	계양구	111	94,250	101,504	195,865	59	2,799	1,514	4,372	110	15,646	2,915	18,671	17	333	332	682	297	113,028	106,265	219,590
2026-02	인천	남동구	365	223,023	19,275	242,663	456	4,447	762	5,665	167	27,464	3,661	31,292	29	596	493	1,118	1,017	255,530	24,191	280,738
2026-02	인천	동구	39	19,822	898	20,759	35	783	73	891	34	3,280	1,338	4,652	2	95	318	415	110	23,980	2,627	26,717
2026-02	인천	미추홀구	191	144,001	12,691	156,883	95	3,696	75	3,866	138	16,729	5,327	22,194	18	462	844	1,324	442	164,888	18,937	184,267
2026-02	인천	부평구	147	197,031	30,683	227,861	79	3,940	1,021	5,040	101	19,398	3,109	22,608	9	471	293	773	336	220,840	35,106	256,282
2026-02	인천	서구	227	280,244	5,906	286,377	107	5,773	1,397	7,277	190	33,845	6,628	40,663	33	849	800	1,682	557	320,711	14,731	335,999
2026-02	인천	연수구	163	215,912	5,682	221,757	92	2,889	725	3,706	138	12,292	3,650	16,080	13	435	536	984	406	231,528	10,593	242,527
2026-02	인천	옹진군	74	10,265	39,274	49,613	52	569	635	1,256	126	15,080	60	15,266	3	148	13	164	255	26,062	39,982	66,299
2026-02	인천	중구	273	76,662	1,021	77,956	154	1,745	790	2,689	187	8,456	8,319	16,962	18	378	1,651	2,047	632	87,241	11,781	99,654
2026-02	인천	계	1,739	1,289,417	219,301	1,510,457	1,184	27,682	7,263	36,129	1,350	162,999	35,776	200,125	153	4,035	5,369	9,557	4,426	1,484,133	267,709	1,756,268
2026-02	광주	광산구	242	175,822	3,961	180,025	143	3,896	396	4,435	198	26,278	7,923	34,399	31	785	935	1,751	614	206,781	13,215	220,610
2026-02	광주	남구	89	84,349	849	85,287	49	1,715	446	2,210	88	8,526	1,008	9,622	11	255	178	444	237	94,845	2,481	97,563
2026-02	광주	동구	94	42,423	415	42,932	55	829	125	1,009	100	4,011	394	4,505	10	117	73	200	259	47,380	1,007	48,646
2026-02	광주	북구	180	173,622	4,421	178,223	201	3,537	980	4,718	218	22,420	3,636	26,274	20	625	530	1,175	619	200,204	9,567	210,390
2026-02	광주	서구	304	127,931	3,679	131,914	151	2,822	332	3,305	228	14,968	1,731	16,927	23	434	216	673	706	146,155	5,958	152,819
2026-02	광주	계	909	604,147	13,325	618,381	599	12,799	2,279	15,677	832	76,203	14,692	91,727	95	2,216	1,932	4,243	2,435	695,365	32,228	730,028
2026-02	대전	대덕구	84	72,258	1,904	74,246	46	1,840	547	2,433	109	13,390	3,930	17,429	10	356	448	814	249	87,844	6,829	94,922
2026-02	대전	동구	87	79,047	2,981	82,115	55	2,121	441	2,617	101	12,661	1,663	14,425	13	317	222	552	256	94,146	5,307	99,709
2026-02	대전	서구	303	189,386	27,329	217,018	318	3,741	470	4,529	203	18,256	2,421	20,880	32	557	480	1,069	856	211,940	30,700	243,496
2026-02	대전	유성구	121	180,187	2,363	182,671	95	2,834	353	3,282	477	15,315	2,439	18,231	27	665	297	989	720	199,001	5,452	205,173
2026-02	대전	중구	96	85,083	2,311	87,490	49	2,228	413	2,690	78	11,740	2,138	13,956	8	307	265	580	231	99,358	5,127	104,716
2026-02	대전	계	691	605,961	36,888	643,540	563	12,764	2,224	15,551	968	71,362	12,591	84,921	90	2,202	1,712	4,004	2,312	692,289	53,415	748,016
2026-02	울산	남구	329	141,166	2,822	144,317	223	2,464	573	3,260	241	15,916	3,326	19,483	23	381	613	1,017	816	159,927	7,334	168,077
2026-02	울산	동구	70	58,760	725	59,555	42	1,083	147	1,272	74	4,646	341	5,061	7	160	64	231	193	64,649	1,277	66,119
2026-02	울산	북구	89	111,444	1,499	113,032	38	1,908	325	2,271	93	11,317	1,662	13,072	9	293	341	643	229	124,962	3,827	129,018
2026-02	울산	울주군	160	111,460	1,175	112,795	95	2,450	680	3,225	165	21,135	4,261	25,561	14	489	1,027	1,530	434	135,534	7,143	143,111
2026-02	울산	중구	150	91,457	1,137	92,744	103	1,703	291	2,097	91	9,740	945	10,776	6	267	282	555	350	103,167	2,655	106,172
2026-02	울산	계	798	514,287	7,358	522,443	501	9,608	2,016	12,125	664	62,754	10,535	73,953	59	1,590	2,327	3,976	2,022	588,239	22,236	612,497
2026-02	세종	세종특별자치시	356	180,216	2,882	183,454	234	2,926	636	3,796	275	14,731	2,031	17,037	245	651	163	1,059	1,110	198,524	5,712	205,346
2026-02	세종	계	356	180,216	2,882	183,454	234	2,926	636	3,796	275	14,731	2,031	17,037	245	651	163	1,059	1,110	198,524	5,712	205,346
2026-02	경기	가평군	164	25,844	158	26,166	76	1,009	160	1,245	154	6,576	230	6,960	24	149	47	220	418	33,578	595	34,591
2026-02	경기	고양시 덕양구	321	173,670	1,811	175,802	153	3,626	453	4,232	198	18,560	2,794	21,552	22	482	248	752	694	196,338	5,306	202,338
2026-02	경기	고양시 일산동구	107	117,387	3,534	121,028	75	2,220	601	2,896	78	12,976	2,116	15,170	12	384	168	564	272	132,967	6,419	139,658
2026-02	경기	고양시 일산서구	75	103,941	2,229	106,245	20	1,886	561	2,467	36	8,926	1,501	10,463	2	225	129	356	133	114,978	4,420	119,531
2026-02	경기	과천시	473	29,409	317	30,199	97	481	43	621	128	1,941	613	2,682	15	89	16	120	713	31,920	989	33,622
2026-02	경기	광명시	143	98,323	1,572	100,038	66	2,149	404	2,619	114	10,134	2,405	12,653	11	237	197	445	334	110,843	4,578	115,755
2026-02	경기	광주시	210	174,508	1,063	175,781	89	4,357	2,311	6,757	124	30,156	5,698	35,978	18	772	369	1,159	441	209,793	9,441	219,675
2026-02	경기	구리시	96	61,734	1,134	62,964	74	1,363	277	1,714	98	8,086	1,502	9,686	14	195	149	358	282	71,378	3,062	74,722
2026-02	경기	군포시	130	86,200	826	87,156	75	1,837	175	2,087	89	8,660	3,737	12,486	11	192	240	443	305	96,889	4,978	102,172
2026-02	경기	김포시	267	203,932	3,409	207,608	104	4,479	1,715	6,298	207	30,660	4,622	35,489	9	743	678	1,430	587	239,814	10,424	250,825
2026-02	경기	남양주시	385	271,548	2,195	274,128	184	6,408	1,011	7,603	221	42,132	6,769	49,122	27	1,154	505	1,686	817	321,242	10,480	332,539
2026-02	경기	동두천시	101	32,046	664	32,811	44	1,114	72	1,230	80	5,272	693	6,045	11	116	49	176	236	38,548	1,478	40,262
2026-02	경기	부천시	5	102	1	108	0	38	10	48	0	130	6	136	0	0	1	1	5	270	18	293
2026-02	경기	부천시 소사구	49	73,121	1,176	74,346	18	1,880	125	2,023	37	7,990	1,276	9,303	1	180	172	353	105	83,171	2,749	86,025
2026-02	경기	부천시 오정구	37	51,943	1,475	53,455	31	1,688	440	2,159	34	9,352	1,788	11,174	4	195	172	371	106	63,178	3,875	67,159
2026-02	경기	부천시 원미구	198	127,662	2,738	130,598	146	3,145	573	3,864	154	15,220	3,362	18,736	24	369	198	591	522	146,396	6,871	153,789
2026-02	경기	성남시 분당구	200	179,535	3,727	183,462	55	2,170	1,442	3,667	102	7,357	1,868	9,327	9	367	136	512	366	189,429	7,173	196,968
2026-02	경기	성남시 수정구	166	72,945	1,940	75,051	63	1,889	193	2,145	81	7,320	1,523	8,924	3	167	163	333	313	82,321	3,819	86,453
2026-02	경기	성남시 중원구	220	62,706	2,160	65,086	56	1,875	302	2,233	104	8,468	1,629	10,201	18	191	155	364	398	73,240	4,246	77,884
2026-02	경기	수원시 권선구	105	192,101	5,339	197,545	157	4,227	1,905	6,289	161	20,016	3,206	23,383	26	622	547	1,195	449	216,966	10,997	228,412
2026-02	경기	수원시 영통구	261	145,465	1,738	147,464	103	1,857	149	2,109	64	6,490	1,418	7,972	2	268	121	391	430	154,080	3,426	157,936
2026-02	경기	수원시 장안구	256	98,169	1,086	99,511	137	2,488	81	2,706	100	8,045	2,109	10,254	18	273	115	406	511	108,975	3,391	112,877
2026-02	경기	수원시 팔달구	184	72,759	5,656	78,599	97	2,114	76	2,287	94	6,191	2,041	8,326	16	167	103	286	391	81,231	7,876	89,498
2026-02	경기	시흥시	187	228,863	1,817	230,867	108	5,720	478	6,306	154	36,929	6,394	43,477	23	746	517	1,286	472	272,258	9,206	281,936
2026-02	경기	안산시 단원구	214	138,605	11,035	149,854	146	4,486	1,151	5,783	225	22,915	4,051	27,191	12	492	314	818	597	166,498	16,551	183,646
2026-02	경기	안산시 상록구	83	121,885	2,006	123,974	39	3,542	652	4,233	33	17,896	2,730	20,659	3	470	350	823	158	143,793	5,738	149,689
2026-02	경기	안성시	180	98,387	724	99,291	90	2,811	561	3,462	133	19,676	3,292	23,101	16	975	296	1,287	419	121,849	4,873	127,141
2026-02	경기	안양시 동안구	165	120,709	2,110	122,984	108	1,883	542	2,533	128	9,859	3,577	13,564	10	413	166	589	411	132,864	6,395	139,670
2026-02	경기	안양시 만안구	91	76,880	1,361	78,332	29	1,964	933	2,926	42	8,893	1,592	10,527	0	204	128	332	162	87,941	4,014	92,117
2026-02	경기	양주시	189	122,917	694	123,800	89	3,484	561	4,134	168	20,174	3,119	23,461	15	533	265	813	461	147,108	4,639	152,208
2026-02	경기	양평군	241	54,658	429	55,328	90	1,544	512	2,146	260	12,048	894	13,202	11	296	81	388	602	68,546	1,916	71,064
2026-02	경기	여주시	190	54,269	355	54,814	85	1,897	639	2,621	201	14,312	6,502	21,015	9	355	354	718	485	70,833	7,850	79,168
2026-02	경기	연천군	95	18,921	598	19,614	67	672	273	1,012	153	6,495	4,122	10,770	7	149	485	641	322	26,237	5,478	32,037
2026-02	경기	오산시	102	113,912	1,340	115,354	60	2,578	558	3,196	67	10,666	2,778	13,511	11	352	185	548	240	127,508	4,861	132,609
2026-02	경기	용인시 기흥구	48	187,882	3,803	191,733	40	3,039	881	3,960	46	11,505	3,663	15,214	13	514	401	928	147	202,940	8,748	211,835
2026-02	경기	용인시 수지구	25	144,537	874	145,436	15	1,626	70	1,711	21	4,673	1,378	6,072	0	221	52	273	61	151,057	2,374	153,492
2026-02	경기	용인시 처인구	421	130,710	1,746	132,877	163	3,585	1,576	5,324	236	21,777	4,736	26,749	20	773	464	1,257	840	156,845	8,522	166,207
2026-02	경기	의왕시	120	62,362	413	62,895	92	1,127	193	1,412	84	5,621	2,055	7,760	8	163	299	470	304	69,273	2,960	72,537
2026-02	경기	의정부시	288	153,974	1,850	156,112	246	4,006	446	4,698	197	17,693	3,178	21,068	29	555	270	854	760	176,228	5,744	182,732
2026-02	경기	이천시	209	105,171	907	106,287	86	3,028	897	4,011	135	18,980	4,285	23,400	15	508	553	1,076	445	127,687	6,642	134,774
2026-02	경기	파주시	295	223,637	2,488	226,420	98	5,079	2,515	7,692	171	31,480	6,483	38,134	22	739	304	1,065	586	260,935	11,790	273,311
2026-02	경기	평택시	392	303,263	3,902	307,557	155	7,070	2,189	9,414	257	36,401	7,922	44,580	25	1,095	936	2,056	829	347,829	14,949	363,607
2026-02	경기	포천시	196	67,363	5,364	72,923	75	2,504	765	3,344	162	20,823	2,410	23,395	17	393	353	763	450	91,083	8,892	100,425
2026-02	경기	하남시	203	123,477	999	124,679	82	2,213	359	2,654	153	14,926	2,391	17,470	11	338	163	512	449	140,954	3,912	145,315
2026-02	경기	화성시	3	2,258	94	2,355	2	316	34	352	8	1,594	65	1,667	1	18	10	29	14	4,186	203	4,403
2026-02	경기	화성시 동탄구	87	187,343	388	187,818	24	2,209	255	2,488	46	8,116	1,903	10,065	0	499	106	605	157	198,167	2,652	200,976
2026-02	경기	화성시 만세구	229	134,371	722	135,322	169	3,638	872	4,679	181	34,424	3,823	38,428	57	675	324	1,056	636	173,108	5,741	179,485
2026-02	경기	화성시 병점구	46	73,826	913	74,785	15	1,439	1,180	2,634	26	7,061	1,123	8,210	4	221	103	328	91	82,547	3,319	85,957
2026-02	경기	화성시 효행구	37	77,158	449	77,644	11	1,740	540	2,291	30	13,855	1,685	15,570	11	340	162	513	89	93,093	2,836	96,018
2026-02	경기	계	8,489	5,582,388	93,329	5,684,206	4,104	127,500	32,711	164,315	5,775	709,450	139,057	854,282	647	19,574	12,319	32,540	19,015	6,438,912	277,416	6,735,343
2026-02	충북	괴산군	81	16,692	135	16,908	56	730	57	843	88	8,051	252	8,391	12	110	29	151	237	25,583	473	26,293
2026-02	충북	단양군	69	11,214	101	11,384	50	425	82	557	117	4,849	396	5,362	8	88	226	322	244	16,576	805	17,625
2026-02	충북	보은군	72	12,755	110	12,937	57	572	86	715	117	6,544	444	7,105	20	80	44	144	266	19,951	684	20,901
2026-02	충북	영동군	100	17,860	113	18,073	59	630	92	781	114	8,225	180	8,519	14	104	46	164	287	26,819	431	27,537
2026-02	충북	옥천군	76	21,746	191	22,013	57	790	94	941	85	8,128	650	8,863	11	203	90	304	229	30,867	1,025	32,121
2026-02	충북	음성군	86	51,696	294	52,076	68	2,008	199	2,275	115	13,952	1,513	15,580	15	264	135	414	284	67,920	2,141	70,345
2026-02	충북	제천시	110	55,870	708	56,688	80	1,568	183	1,831	160	13,665	1,655	15,480	13	374	845	1,232	363	71,477	3,391	75,231
2026-02	충북	증평군	34	17,529	153	17,716	25	496	36	557	32	3,206	576	3,814	9	77	45	131	100	21,308	810	22,218
2026-02	충북	진천군	76	45,988	270	46,334	62	1,352	87	1,501	87	9,339	1,110	10,536	8	250	83	341	233	56,929	1,550	58,712
2026-02	충북	청원군	1	8	0	9	0	2	0	2	0	8	0	8	0	0	0	0	1	18	0	19
2026-02	충북	청주시 상당구	207	87,815	1,079	89,101	104	1,946	324	2,374	181	11,898	1,164	13,243	20	404	266	690	512	102,063	2,833	105,408
2026-02	충북	청주시 서원구	66	83,210	1,452	84,728	133	1,874	832	2,839	63	10,675	1,860	12,598	6	327	230	563	268	96,086	4,374	100,728
2026-02	충북	청주시 청원구	183	91,952	2,733	94,868	116	2,196	574	2,886	133	14,554	2,103	16,790	7	416	186	609	439	109,118	5,596	115,153
2026-02	충북	청주시 흥덕구	134	136,494	3,663	140,291	88	2,758	754	3,600	141	15,921	2,529	18,591	13	580	378	971	376	155,753	7,324	163,453
2026-02	충북	충주시	210	96,815	1,243	98,268	141	2,662	404	3,207	259	19,796	1,757	21,812	34	478	285	797	644	119,751	3,689	124,084
2026-02	충북	계	1,505	747,644	12,245	761,394	1,096	20,009	3,804	24,909	1,692	148,811	16,189	166,692	190	3,755	2,888	6,833	4,483	920,219	35,126	959,828
2026-02	충남	계룡시	81	23,595	64	23,740	37	512	96	645	60	2,218	438	2,716	9	94	36	139	187	26,419	634	27,240
2026-02	충남	공주시	231	42,852	1,319	44,402	121	1,445	385	1,951	249	12,871	669	13,789	31	238	133	402	632	57,406	2,506	60,544
2026-02	충남	금산군	77	21,061	3,090	24,228	42	921	220	1,183	95	8,592	581	9,268	10	142	74	226	224	30,716	3,965	34,905
2026-02	충남	논산시	156	46,412	852	47,420	87	1,925	325	2,337	145	15,295	1,079	16,519	30	257	101	388	418	63,889	2,357	66,664
2026-02	충남	당진시	148	88,814	824	89,786	74	2,249	335	2,658	195	19,446	2,354	21,995	16	517	801	1,334	433	111,026	4,314	115,773
2026-02	충남	보령시	143	40,439	537	41,119	71	1,292	175	1,538	187	12,772	510	13,469	36	203	123	362	437	54,706	1,345	56,488
2026-02	충남	부여군	109	23,393	182	23,684	71	1,011	318	1,400	161	11,326	393	11,880	17	109	56	182	358	35,839	949	37,146
2026-02	충남	서산시	188	82,485	767	83,440	87	2,270	485	2,842	166	19,077	1,909	21,152	24	442	442	908	465	104,274	3,603	108,342
2026-02	충남	서천군	80	19,747	144	19,971	40	655	114	809	105	7,732	437	8,274	18	94	80	192	243	28,228	775	29,246
2026-02	충남	아산시	223	180,570	1,884	182,677	134	4,242	509	4,885	194	24,396	3,783	28,373	55	754	355	1,164	606	209,962	6,531	217,099
2026-02	충남	예산군	163	36,010	281	36,454	110	1,319	309	1,738	179	11,569	758	12,506	16	223	125	364	468	49,121	1,473	51,062
2026-02	충남	천안시 동남구	110	122,259	2,098	124,467	59	3,472	719	4,250	130	19,521	2,988	22,639	16	658	389	1,063	315	145,910	6,194	152,419
2026-02	충남	천안시 서북구	164	186,566	1,563	188,293	153	4,024	900	5,077	223	20,815	2,717	23,755	20	682	323	1,025	560	212,087	5,503	218,150
2026-02	충남	청양군	93	12,189	64	12,346	60	423	63	546	129	6,132	530	6,791	18	85	66	169	300	18,829	723	19,852
2026-02	충남	태안군	87	24,906	189	25,182	44	921	113	1,078	195	10,829	253	11,277	19	150	47	216	345	36,806	602	37,753
2026-02	충남	홍성군	169	45,336	409	45,914	93	1,312	209	1,614	145	12,358	805	13,308	23	251	131	405	430	59,257	1,554	61,241
2026-02	충남	계	2,222	996,634	14,267	1,013,123	1,283	27,993	5,275	34,551	2,558	214,949	20,204	237,711	358	4,899	3,282	8,539	6,421	1,244,475	43,028	1,293,924
2026-02	전남	강진군	90	12,650	151	12,891	63	448	71	582	101	6,613	745	7,459	12	89	42	143	266	19,800	1,009	21,075
2026-02	전남	고흥군	108	21,674	163	21,945	76	976	87	1,139	140	12,839	266	13,245	11	146	35	192	335	35,635	551	36,521
2026-02	전남	곡성군	68	11,712	103	11,883	38	409	54	501	74	5,195	400	5,669	6	65	68	139	186	17,381	625	18,192
2026-02	전남	광양시	93	80,409	638	81,140	70	2,010	290	2,370	89	14,741	3,510	18,340	15	556	1,743	2,314	267	97,716	6,181	104,164
2026-02	전남	구례군	60	9,531	157	9,748	40	365	54	459	75	3,945	159	4,179	4	71	16	91	179	13,912	386	14,477
2026-02	전남	나주시	143	54,456	753	55,352	117	1,774	360	2,251	217	15,592	1,690	17,499	21	385	265	671	498	72,207	3,068	75,773
2026-02	전남	담양군	80	20,624	338	21,042	48	709	279	1,036	76	7,900	1,040	9,016	12	142	154	308	216	29,375	1,811	31,402
2026-02	전남	목포시	125	80,931	2,221	83,277	113	2,400	417	2,930	152	12,542	2,260	14,954	10	355	347	712	400	96,228	5,245	101,873
2026-02	전남	무안군	265	43,810	154	44,229	195	1,391	66	1,652	167	12,070	947	13,184	21	213	139	373	648	57,484	1,306	59,438
2026-02	전남	보성군	79	14,498	160	14,737	50	725	64	839	104	8,058	352	8,514	15	99	51	165	248	23,380	627	24,255
2026-02	전남	순천시	181	126,762	1,925	128,868	124	2,765	602	3,491	195	22,680	2,249	25,124	23	506	944	1,473	523	152,713	5,720	158,956
2026-02	전남	신안군	130	16,438	115,199	131,767	68	653	2,204	2,925	213	9,807	387	10,407	5	151	27	183	416	27,049	117,817	145,282
2026-02	전남	여수시	203	113,847	2,178	116,228	151	2,909	731	3,791	203	21,400	3,565	25,168	17	439	829	1,285	574	138,595	7,303	146,472
2026-02	전남	영광군	79	23,122	229	23,430	42	730	104	876	114	8,367	537	9,018	9	129	59	197	244	32,348	929	33,521
2026-02	전남	영암군	95	24,916	86	25,097	63	1,143	85	1,291	121	11,402	792	12,315	14	201	141	356	293	37,662	1,104	39,059
2026-02	전남	완도군	133	16,527	165	16,825	54	667	115	836	111	9,697	199	10,007	10	99	30	139	308	26,990	509	27,807
2026-02	전남	장성군	83	20,402	182	20,667	47	699	84	830	90	8,338	912	9,340	5	141	94	240	225	29,580	1,272	31,077
2026-02	전남	장흥군	93	13,845	88	14,026	72	516	48	636	106	7,104	254	7,464	8	80	28	116	279	21,545	418	22,242
2026-02	전남	진도군	80	11,504	93	11,677	47	501	62	610	101	6,389	147	6,637	9	76	24	109	237	18,470	326	19,033
2026-02	전남	함평군	73	12,486	5,750	18,309	47	488	114	649	87	6,641	201	6,929	13	89	26	128	220	19,704	6,091	26,015
2026-02	전남	해남군	118	25,454	105,678	131,250	77	1,585	837	2,499	152	15,705	237	16,094	10	137	41	188	357	42,881	106,793	150,031
2026-02	전남	화순군	96	26,424	491	27,011	50	862	814	1,726	107	8,075	566	8,748	9	158	146	313	262	35,519	2,017	37,798
2026-02	전남	계	2,475	782,022	236,902	1,021,399	1,652	24,725	7,542	33,919	2,795	235,100	21,415	259,310	259	4,327	5,249	9,835	7,181	1,046,174	271,108	1,324,463
2026-02	경북	경산시	145	120,722	921	121,788	98	2,861	385	3,344	130	22,055	2,813	24,998	18	452	411	881	391	146,090	4,530	151,011
2026-02	경북	경주시	217	121,971	1,593	123,781	137	3,481	518	4,136	221	25,893	2,056	28,170	17	594	376	987	592	151,939	4,543	157,074
2026-02	경북	고령군	60	14,594	36	14,690	31	622	54	707	76	6,554	683	7,313	17	86	53	156	184	21,856	826	22,866
2026-02	경북	구미시	202	196,794	2,373	199,369	105	4,674	798	5,577	226	25,780	3,553	29,559	23	721	480	1,224	556	227,969	7,204	235,729
2026-02	경북	군위군	0	17	2	19	0	4	0	4	0	15	3	18	0	0	0	0	0	36	5	41
2026-02	경북	김천시	149	59,569	590	60,308	78	1,866	273	2,217	168	17,911	1,149	19,228	15	262	190	467	410	79,608	2,202	82,220
2026-02	경북	문경시	96	27,325	384	27,805	55	1,132	115	1,302	125	10,339	288	10,752	13	158	97	268	289	38,954	884	40,127
2026-02	경북	봉화군	97	11,241	45	11,383	52	395	44	491	90	7,158	86	7,334	16	58	18	92	255	18,852	193	19,300
2026-02	경북	상주시	124	37,650	371	38,145	88	1,520	277	1,885	208	17,392	1,047	18,647	18	222	179	419	438	56,784	1,874	59,096
2026-02	경북	성주군	74	20,472	111	20,657	40	763	51	854	86	11,435	975	12,496	16	157	142	315	216	32,827	1,279	34,322
2026-02	경북	안동시	301	66,340	928	67,569	214	2,030	306	2,550	271	19,520	1,246	21,037	49	395	235	679	835	88,285	2,715	91,835
2026-02	경북	영덕군	74	13,245	91	13,410	47	589	55	691	124	6,050	131	6,305	19	88	30	137	264	19,972	307	20,543
2026-02	경북	영양군	64	6,676	37	6,777	37	275	27	339	75	4,052	53	4,180	8	45	6	59	184	11,048	123	11,355
2026-02	경북	영주시	126	41,881	463	42,470	76	1,494	134	1,704	149	14,656	730	15,535	27	249	152	428	378	58,280	1,479	60,137
2026-02	경북	영천시	136	45,002	344	45,482	81	1,650	231	1,962	153	16,056	1,520	17,729	19	266	372	657	389	62,974	2,467	65,830
2026-02	경북	예천군	107	23,660	173	23,940	62	707	81	850	110	8,714	205	9,029	20	124	52	196	299	33,205	511	34,015
2026-02	경북	울릉군	58	4,357	240	4,655	20	252	199	471	59	1,436	26	1,521	10	24	4	38	147	6,069	469	6,685
2026-02	경북	울진군	134	21,382	109	21,625	60	582	88	730	121	6,659	123	6,903	24	134	42	200	339	28,757	362	29,458
2026-02	경북	의성군	82	20,113	86	20,281	68	824	74	966	144	12,390	890	13,424	11	128	101	240	305	33,455	1,151	34,911
2026-02	경북	청도군	78	18,120	159	18,357	45	618	52	715	93	7,963	613	8,669	16	105	179	300	232	26,806	1,003	28,041
2026-02	경북	청송군	59	10,297	37	10,393	62	466	45	573	88	6,175	119	6,382	9	66	15	90	218	17,004	216	17,438
2026-02	경북	칠곡군	111	55,843	277	56,231	63	1,689	344	2,096	115	12,861	1,612	14,588	14	266	296	576	303	70,659	2,529	73,491
2026-02	경북	포항시 남구	149	103,154	1,374	104,677	79	2,717	739	3,535	216	17,668	4,027	21,911	14	479	1,688	2,181	458	124,018	7,828	132,304
2026-02	경북	포항시 북구	167	133,797	2,127	136,091	94	2,765	354	3,213	112	18,171	1,136	19,419	30	484	300	814	403	155,217	3,917	159,537
2026-02	경북	계	2,810	1,174,222	12,871	1,189,903	1,692	33,976	5,244	40,912	3,160	296,903	25,084	325,147	423	5,563	5,418	11,404	8,085	1,510,664	48,617	1,567,366
2026-02	경남	거제시	128	97,350	981	98,459	79	2,580	466	3,125	155	12,018	515	12,688	17	342	166	525	379	112,290	2,128	114,797
2026-02	경남	거창군	106	25,210	179	25,495	69	817	181	1,067	104	9,325	259	9,688	16	90	178	284	295	35,442	797	36,534
2026-02	경남	고성군	64	19,762	179	20,005	65	657	91	813	94	7,385	212	7,691	11	146	66	223	234	27,950	548	28,732
2026-02	경남	김해시	267	252,263	2,200	254,730	155	5,681	619	6,455	237	40,990	4,826	46,053	43	830	621	1,494	702	299,764	8,266	308,732
2026-02	경남	남해군	100	15,247	142	15,489	55	518	100	673	138	6,292	155	6,585	8	70	28	106	301	22,127	425	22,853
2026-02	경남	밀양시	112	44,290	480	44,882	91	1,297	200	1,588	107	13,601	2,645	16,353	16	222	592	830	326	59,410	3,917	63,653
2026-02	경남	사천시	102	49,656	640	50,398	80	1,366	188	1,634	137	10,464	582	11,183	18	208	116	342	337	61,694	1,526	63,557
2026-02	경남	산청군	89	14,022	53	14,164	60	472	54	586	100	7,281	469	7,850	10	148	152	310	259	21,923	728	22,910
2026-02	경남	양산시	183	159,254	1,044	160,481	89	3,880	746	4,715	156	22,391	7,157	29,704	29	662	1,469	2,160	457	186,187	10,416	197,060
2026-02	경남	의령군	65	10,601	45	10,711	53	347	42	442	91	4,568	567	5,226	14	66	124	204	223	15,582	778	16,583
2026-02	경남	진주시	216	145,197	2,638	148,051	168	2,990	1,088	4,246	250	26,567	2,400	29,217	35	532	443	1,010	669	175,286	6,569	182,524
2026-02	경남	창녕군	68	25,433	197	25,698	72	932	117	1,121	93	10,249	340	10,682	9	153	68	230	242	36,767	722	37,731
2026-02	경남	창원시 마산합포구	152	90,077	1,308	91,537	62	1,715	471	2,248	136	10,249	1,003	11,388	15	168	155	338	365	102,209	2,937	105,511
2026-02	경남	창원시 마산회원구	71	96,542	5,476	102,089	28	1,689	401	2,118	54	10,685	1,554	12,293	4	238	233	475	157	109,154	7,664	116,975
2026-02	경남	창원시 성산구	245	150,617	16,850	167,712	224	1,936	822	2,982	137	10,465	972	11,574	16	239	191	446	622	163,257	18,835	182,714
2026-02	경남	창원시 의창구	252	117,111	55,756	173,119	160	2,082	371	2,613	126	16,995	1,489	18,610	20	343	354	717	558	136,531	57,970	195,059
2026-02	경남	창원시 진해구	94	87,400	725	88,219	36	1,724	155	1,915	88	7,739	1,163	8,990	12	307	326	645	230	97,170	2,369	99,769
2026-02	경남	통영시	98	43,452	658	44,208	86	1,506	256	1,848	126	8,698	361	9,185	14	182	73	269	324	53,838	1,348	55,510
2026-02	경남	하동군	58	16,361	88	16,507	70	499	47	616	109	7,821	174	8,104	15	97	86	198	252	24,778	395	25,425
2026-02	경남	함안군	82	33,941	28,905	62,928	53	956	257	1,266	84	10,185	562	10,831	6	182	232	420	225	45,264	29,956	75,445
2026-02	경남	함양군	65	14,178	20,401	34,644	56	453	160	669	111	6,634	139	6,884	17	82	32	131	249	21,347	20,732	42,328
2026-02	경남	합천군	85	16,022	148	16,255	62	552	72	686	140	8,277	396	8,813	15	94	70	179	302	24,945	686	25,933
2026-02	경남	계	2,702	1,523,986	139,093	1,665,781	1,873	34,649	6,904	43,426	2,773	268,879	27,940	299,592	360	5,401	5,775	11,536	7,708	1,832,915	179,712	2,020,335
2026-02	제주	서귀포시	246	77,502	927	78,675	130	2,687	142	2,959	345	26,802	691	27,838	47	251	142	440	768	107,242	1,902	109,912
2026-02	제주	제주시	612	256,905	279,456	536,973	346	6,646	6,331	13,323	692	60,073	3,743	64,508	39	1,188	565	1,792	1,689	324,812	290,095	616,596
2026-02	제주	계	858	334,407	280,383	615,648	476	9,333	6,473	16,282	1,037	86,875	4,434	92,346	86	1,439	707	2,232	2,457	432,054	291,997	726,508
2026-02	강원	강릉시	178	94,975	2,174	97,327	144	2,341	500	2,985	264	17,856	1,410	19,530	45	433	384	862	631	115,605	4,468	120,704
2026-02	강원	고성군	57	12,144	118	12,319	45	421	34	500	101	3,963	110	4,174	7	65	32	104	210	16,593	294	17,097
2026-02	강원	동해시	123	39,862	708	40,693	82	1,113	155	1,350	127	6,863	505	7,495	10	192	186	388	342	48,030	1,554	49,926
2026-02	강원	삼척시	126	26,659	479	27,264	96	732	117	945	184	6,698	191	7,073	14	155	50	219	420	34,244	837	35,501
2026-02	강원	속초시	117	34,175	780	35,072	88	1,000	135	1,223	111	5,253	315	5,679	8	152	86	246	324	40,580	1,316	42,220
2026-02	강원	양구군	55	9,007	55	9,117	52	270	37	359	112	3,329	57	3,498	11	52	20	83	230	12,658	169	13,057
2026-02	강원	양양군	46	12,739	187	12,972	36	369	26	431	125	4,091	70	4,286	17	90	22	129	224	17,289	305	17,818
2026-02	강원	영월군	132	15,114	155	15,401	79	583	56	718	128	6,180	133	6,441	15	123	58	196	354	22,000	402	22,756
2026-02	강원	원주시	237	165,286	2,525	168,048	154	3,938	506	4,598	234	26,431	2,337	29,002	31	770	359	1,160	656	196,425	5,727	202,808
2026-02	강원	인제군	61	14,780	76	14,917	53	427	60	540	122	4,982	120	5,224	11	91	32	134	247	20,280	288	20,815
2026-02	강원	정선군	113	15,634	221	15,968	98	513	76	687	148	6,225	162	6,535	26	123	35	184	385	22,495	494	23,374
2026-02	강원	철원군	58	17,378	220	17,656	70	605	59	734	136	6,967	139	7,242	17	97	24	138	281	25,047	442	25,770
2026-02	강원	춘천시	339	123,335	2,269	125,943	264	2,907	606	3,777	265	18,444	2,783	21,492	32	556	413	1,001	900	145,242	6,071	152,213
2026-02	강원	태백시	72	16,015	349	16,436	57	559	125	741	123	3,274	137	3,534	16	122	47	185	268	19,970	658	20,896
2026-02	강원	평창군	108	17,915	210	18,233	76	703	74	853	119	8,643	139	8,901	26	102	51	179	329	27,363	474	28,166
2026-02	강원	홍천군	137	28,443	302	28,882	113	1,094	269	1,476	181	11,655	456	12,292	25	188	66	279	456	41,380	1,093	42,929
2026-02	강원	화천군	59	9,914	55	10,028	62	261	35	358	100	3,304	44	3,448	10	60	25	95	231	13,539	159	13,929
2026-02	강원	횡성군	93	19,844	560	20,497	64	784	86	934	126	8,684	269	9,079	13	143	49	205	296	29,455	964	30,715
2026-02	강원	계	2,111	673,219	11,443	686,773	1,633	18,620	2,956	23,209	2,706	152,842	9,377	164,925	334	3,514	1,939	5,787	6,784	848,195	25,715	880,694
2026-02	전북	고창군	113	20,657	160	20,930	66	1,216	95	1,377	157	10,698	301	11,156	15	124	55	194	351	32,695	611	33,657
2026-02	전북	군산시	210	118,378	1,917	120,505	123	2,766	502	3,391	212	19,341	3,284	22,837	22	544	716	1,282	567	141,029	6,419	148,015
2026-02	전북	김제시	125	36,125	501	36,751	59	1,445	147	1,651	145	13,968	1,063	15,176	8	293	158	459	337	51,831	1,869	54,037
2026-02	전북	남원시	136	30,049	408	30,593	107	1,104	157	1,368	175	12,422	455	13,052	24	196	74	294	442	43,771	1,094	45,307
2026-02	전북	무주군	73	9,194	56	9,323	39	439	58	536	103	4,437	247	4,787	9	49	38	96	224	14,119	399	14,742
2026-02	전북	부안군	99	19,229	173	19,501	61	756	112	929	141	8,774	267	9,182	12	117	54	183	313	28,876	606	29,795
2026-02	전북	순창군	74	11,348	84	11,506	58	384	21	463	98	5,367	63	5,528	10	49	22	81	240	17,148	190	17,578
2026-02	전북	완주군	133	48,718	227	49,078	111	1,511	425	2,047	214	12,534	2,396	15,144	29	272	226	527	487	63,035	3,274	66,796
2026-02	전북	익산시	197	117,044	1,826	119,067	132	3,576	491	4,199	214	24,173	3,137	27,524	18	491	421	930	561	145,284	5,875	151,720
2026-02	전북	임실군	84	10,017	58	10,159	60	391	66	517	120	4,956	280	5,356	8	64	24	96	272	15,428	428	16,128
2026-02	전북	장수군	75	8,399	32	8,506	42	326	21	389	115	4,503	92	4,710	6	52	22	80	238	13,280	167	13,685
2026-02	전북	전주시 덕진구	157	149,073	2,967	152,197	98	3,141	909	4,148	151	18,837	2,630	21,618	13	595	410	1,018	419	171,646	6,916	178,981
2026-02	전북	전주시 완산구	343	136,232	1,983	138,558	217	2,819	541	3,577	210	15,546	1,573	17,329	22	383	255	660	792	154,980	4,352	160,124
2026-02	전북	정읍시	108	42,306	626	43,040	106	1,478	198	1,782	162	14,896	920	15,978	11	281	123	415	387	58,961	1,867	61,215
2026-02	전북	진안군	115	9,994	65	10,174	51	391	95	537	110	5,051	105	5,266	18	63	16	97	294	15,499	281	16,074
2026-02	전북	계	2,042	766,763	11,083	779,888	1,330	21,743	3,838	26,911	2,327	175,503	16,813	194,643	225	3,573	2,614	6,412	5,924	967,582	34,348	1,007,854